,(Los Angeles),(Miami),(London),(Amsterdam),(Beijing),(Sydney)
0,44.74257091784804,16.14371999090071,74.69906581687445,79.73425537531013,191.0327602958311,237.22725875825117
1,6.193959165601315,32.572678595616665,113.3733171872603,118.41008134678606,229.11470441717344,271.6795316497082
2,6.294241462747163,32.47447468099558,113.2748327995905,118.31160890958469,229.0145647660474,271.58164907082636
3,31.621096640593514,17.5985798192534,88.08179697970048,93.10894393072314,204.68140150916082,250.5587936805209
4,5.77204797983301,43.71384246592922,123.11136026999147,128.13926124273857,239.4513545311938,282.8167236840049
5,41.45917403585171,13.424131381056702,78.00047758385212,83.03741533682992,194.08552368050556,239.56854098684212
6,6.378262487136821,32.376722183275895,113.21084990606485,118.24768698457902,228.9376775009489,271.4828276566967
7,33.795454305386926,8.885426004757255,86.16305636194072,91.19782923810756,201.5072596396865,245.11450965558535
8,47.8956542982241,18.91220169484397,71.58408706836454,76.61624329868586,188.13370219279324,234.987537768613
9,14.461227370022126,47.299352654285144,122.3186513559929,127.30662116928677,239.5099661975414,285.4132349298174
10,3.834584868539052,36.323030591005484,116.1194139356059,121.15247698273237,232.22995161841834,275.4165575012936
11,0.3148837903362732,38.7994131344931,119.45357773274036,124.48894849398496,235.34467827017116,277.8843334966916
12,27.333427616343165,23.08086286931619,93.41997741941158,98.43101474138416,210.37829798807613,256.8725889849292
13,20.740354704616063,17.96599050009655,99.94962998992533,104.98321696736357,214.97192867173203,257.07705694825427
14,44.906780613936924,16.251596163078343,74.53515107849877,79.57029192730033,190.87463667485866,237.0922896676364
15,14.495236935243689,28.29418998794723,105.5689626052162,110.59669844784571,222.02303363560583,266.5554081774642
16,43.47047306785528,14.999911112795454,75.97058316957765,81.00672264141241,192.19977279926096,238.10045194342044
17,0.37868750125029754,38.98020477268879,119.64546432964295,124.68083138171602,235.53548113012795,278.0627687683681
18,1.351655353214334,37.43599430172222,118.45964103498353,123.49617429195506,234.20133305324143,276.4864172767405
19,21.43982292719478,17.848302400837376,98.48604158382688,103.52270317396165,213.9067631033162,256.7814287130274
20,5.202130973718358,43.177330691315404,122.6910989663582,127.71993594692518,238.9919583694949,282.28356419491973
21,37.1788541256909,2.875253574348027,84.48067065024378,89.49399138149857,198.7075408297332,240.80995793721453
22,1.4672744610411987,37.459961588821535,118.57665204501178,123.6133583229364,234.28432769361072,276.4946669824716
23,7.421535205813455,31.25509692254725,112.51544467171243,117.55272464088746,228.0746189115069,270.33483416576024
24,0.409982994154806,38.91443439401178,119.54589022195482,124.58116698083484,235.44632625549488,278.0007602072324
25,23.15257749706662,15.553779128730698,97.7549700978906,102.78639683869727,212.63545045733855,254.66506085631372
26,31.667491519058196,18.775418451495725,88.24555409432544,93.26809049496653,204.98340732140628,251.1834230307435
27,0.30473050307840693,38.39902557055545,119.13580496153172,124.17149640670259,234.9929241631895,277.478334302558
28,5.333019560158625,43.32356993144562,122.82528290353186,127.85398324310597,239.1315982571056,282.42973717093633
29,38.7972992320648,0.13410903336184654,84.16762026127431,89.16118184346064,197.72103679491397,238.98801252571587
30,12.598526032583354,46.69105085283092,122.74653282881602,127.74544355897741,239.79148438427163,285.1562893160544
31,5.877528529752028,32.904019118516864,113.66218251134526,118.69883520955193,229.42340567952058,272.01149243780543
32,0.3388104702511318,38.337894834377906,119.12502338720722,124.16086405135971,234.96389419869251,277.41200260028904
33,228.55449200680115,189.89815504577837,121.5032001689553,117.59565382408059,46.7047615836499,52.27512676725529
34,36.19173362919875,2.9861708425168225,85.69023254925446,90.70197328855684,199.82763934267044,241.70895527677814
35,0.41041794393202896,38.796098710160514,119.41421740577228,124.44947806039048,235.3173627300443,277.8844206170022
36,24.204696107442818,19.452380000341925,95.31735353267003,100.34996053110477,211.61875237299648,256.3902113135419
37,37.374714269534955,9.373909638462745,82.39127325970713,87.42719232940627,197.922614853264,242.1169951814351
38,40.04945624954523,17.810117366128363,79.69469481033734,84.71827522102257,196.4655212284663,243.2699647294635
39,5.7414152532573,43.604691231883756,122.95762573290301,127.98531081499283,239.30770135909393,282.7048912944696
40,35.73874027996967,14.380246146063772,83.71894032838259,88.75300286537552,200.03709408974296,245.57708496740648
41,32.59077630523036,15.075376295085237,86.87890076561776,91.9125228334125,203.19479301972794,248.5231778107644
42,0.21181053682436798,38.871217899594946,119.59322961816363,124.62878805509662,235.46232948141898,277.94854195426905
43,41.94090228922144,13.921800211040784,77.50804483653101,82.54469762102562,193.6508319135284,239.27698170290128
44,14.452738861772161,47.17230237680766,122.15412812984695,127.14190990937416,239.34803905104258,285.26780335664193
45,7.101249711733725,31.8386733011804,112.38192685552369,117.41836824745674,228.19184310206282,270.9491941888186
46,38.77421918270062,14.575140269112621,80.68235477108853,85.71636926029791,197.0347162936555,242.8485676233722
47,0.3867062248427277,38.686789696435525,119.3139158017951,124.34922766155482,235.2124219500874,277.7749909534517
48,44.552050919830926,16.11132997650248,74.89059556200574,79.92563651653526,191.23376756307542,237.43313445620294
49,5.595007388007246,43.5717496600327,123.02137892148838,128.04965860099708,239.34539538845164,282.6765304475288
50,0.4480553156552331,38.2286491716574,119.02301959345856,124.05889901576647,234.85777870567577,277.30279974985797
51,0.07084773242719973,38.649627481608256,119.39173129844502,124.42739020770318,235.25070236697763,277.7264220043963
52,44.88394503346464,16.326391859026867,74.5594455819698,79.5943851918653,190.91416859785332,237.16006113238512
53,20.164696477639872,18.51444190174063,100.86413514304533,105.896375608608,215.75893173659432,257.5956539741622
54,37.292519646758294,15.680886786147285,82.24410437698975,87.27481355286508,198.75493261295352,244.7995071119732
55,38.78777443153337,0.3022701186924605,84.00957741386989,89.00541871560867,197.63940742105473,239.01472296279607
56,39.60357690210919,10.046302145456652,80.12087181701013,85.15692845185008,195.70588505637244,240.160306612975
57,28.384514518309615,16.167428215246314,91.06611393549822,96.10079418016556,207.26675869895655,252.08905558012663
58,119.3902977366562,84.19607080857081,0.05005829482278787,5.086603120674557,117.78860202378856,173.7505575555164
59,27.462110859262133,22.984865319970364,93.27326146478825,98.2844413982225,210.22973349482575,256.7266668102055
60,5.8538053654334075,43.08985922763069,122.10578610402715,127.13165405490486,238.5330890057001,282.16080424548164
61,45.143594245799335,16.299058594856913,74.29732397997513,79.33264194705147,190.6252672832793,236.83748282666346
62,41.11725080307519,13.438154222408876,78.33709452206804,83.37390728110189,194.44249213172952,239.93894309728537
63,41.263846812797745,13.360614142928819,78.19541843690496,83.23234573694499,194.28018404806588,239.74855824780767
64,0.3987780266519801,38.543765963604464,119.18362240162125,124.21900318080112,235.07573154215106,277.63172418313866
65,9.4188209697929,34.907826953954306,112.3355121931786,117.35777665180608,228.9364624700155,273.48051946095217
66,34.112139928381566,13.903722757211415,85.32964855801676,90.36491176247904,201.53937913250283,246.75277863627133
67,40.89630127530741,12.019339960794373,78.64208183319545,83.67934521202632,194.51328274358028,239.5647298425405
68,31.499852730411728,12.15377653227475,88.05227307287811,93.08956847539281,203.84274061416357,248.07696974810744
69,16.25247613062983,48.75512095392329,123.05718819905167,128.03542207643827,240.35089878719756,286.630175539944
70,6.708095758458395,32.67650432613996,112.74847688028031,117.78364973118579,228.71332412281166,271.76793065902984
71,14.356663678651,28.67872070076463,105.82049366474254,110.84732276196863,222.3076374769248,266.9054838640628
72,41.39702300769801,13.52144616176599,78.05798232562385,83.09481615504981,194.16301226381947,239.6789220164148
73,21.192026251070388,18.102889673993616,98.71233653511064,103.74908906594797,214.1492096801087,257.03722611819904
74,44.999672942300435,16.474952026936474,74.44556282474768,79.48028905170234,190.81724695061138,237.10486327048616
75,0.6030925258828106,38.236009669199944,118.88264850708309,123.91811341869237,234.76786720574916,277.32531219850887
76,23.423307547892097,21.964438728271332,96.4699296700971,101.49605616413453,213.0438861916465,258.3667658015292
77,44.28170315269153,15.767227615564586,75.15854846458136,80.19403413767046,191.46204734863042,237.5645015260746
78,28.365114286220717,10.579329715494866,92.54275139816953,97.57141885725352,207.32666006574524,249.58381261024857
79,31.395547746517067,17.672432459764774,88.31010414369558,93.33724592185689,204.90814960049784,250.76802140630716
80,31.498153370198,17.84266581527748,88.23832076655799,93.26473070012923,204.86154420725688,250.78480385995906
81,5.551445386519854,43.415228678550804,122.80135732876762,127.82933424855554,239.13984609732978,282.51648652265635
82,27.240774226177123,23.03745744888657,93.48611133430114,98.49762065395288,210.43554482891062,256.9008668447844
83,36.694031698820005,4.658842673673636,84.28101516877132,89.30343221269551,198.89571577100634,241.5477177870399
84,44.44025398904522,16.033153551459353,75.00205562568343,80.03714500447431,191.34017056372318,237.52159371720572
85,30.26034713957991,19.45213223644896,89.72135030901963,94.74313449253421,206.4693186361338,252.60789158911493
86,44.496890028006035,15.966932610708469,74.94414874854824,79.97944690334761,191.26613075918482,237.42006758444566
87,0.19577945647763628,38.568008851858664,119.28123086397004,124.31682298830601,235.14889400860037,277.64857563009167
88,40.365738156674205,17.093869579970907,79.26618165594432,84.293158921702,195.94142234040993,242.54798383867404
89,24.09209014428655,19.441032122032933,95.42126738957344,100.45409680050332,211.7086901378124,256.44379759653714
90,21.499873303049075,17.867835027749102,98.37951452211725,103.41631917317797,213.83217740722768,256.7697685354809
91,0.5742046083021494,39.12236253759248,119.73094021311614,124.76610002031255,235.6421074752357,278.2094705517324
92,38.76945873380104,0.18887596060185083,84.08225860604574,89.07740065021801,197.68785166448333,239.02672039600867
93,44.59976794663325,15.994663692112688,74.84100418598295,79.87635644055379,191.15968531072636,237.3145949122654
94,33.87322050703262,9.1098910011656,86.02914223481488,91.06437399109848,201.4230531951277,245.12110769574514
95,33.621371731450544,9.144733910101463,86.2929462884747,91.32812012897824,201.6764782634527,245.33812099661617
96,41.654682755048015,17.505974588959766,77.98293054728481,83.00941675094045,194.68422420009512,241.43441918288002
97,43.05933992502757,17.682064280245488,76.53803749184789,81.56563098366392,193.2164157674347,240.0092518694989
98,36.17645978300687,16.687058125728694,83.47442752428965,88.50179109318728,200.10265019360327,246.33178615070932
99,31.624324093649577,12.01630642036413,87.93745429860701,92.97474468721379,203.7131497881388,247.92870960445416
100,0.49338744477858126,38.380167094078814,119.02383962900103,124.05926594528104,234.91222004945504,277.4688243644359
101,33.79882536947385,17.906373869936154,86.01804764901081,91.04187058693513,202.73601672940964,249.02053570018168
102,37.197648386150256,2.9542496367266544,84.42305031354962,89.4368464193599,198.66978124492547,240.80365353130986
103,158.41491204969302,119.7416164519289,63.42811322481697,61.45039073519734,89.75466522794198,119.49376166374931
104,28.17447800238084,13.443390995033795,91.4476203293665,96.484855610686,207.12805735082588,250.93232293441747
105,91.66710543959664,59.80639340247046,88.32310941664461,91.75932945044383,175.35028214399986,198.11227315392534
106,36.09893360682425,16.853974521307,83.57419947865719,88.60095988376784,200.22167297165853,246.4891345705651
107,14.293208482275107,47.16425664378794,122.25095180618337,127.23979770762304,239.432040507369,285.29969882311303
108,5.424811133850044,43.31334374142932,122.7362468121697,127.76449086219499,239.06347317045933,282.4160875254034
109,23.83072271662926,19.887636728553865,104.12804246902232,109.11942693513909,217.0945418216198,255.95699419437935
110,32.74034781339015,13.525854424411797,86.70229908819077,91.73850984914661,202.79862166241253,247.69693496493971
111,6.024845720891477,43.891389746121455,123.197979263319,128.2252389753759,239.5644708712764,282.99011875569835
112,41.358412759083365,13.59589490647815,78.0935735646725,83.13032288351027,194.21325140432975,239.75389945751425
113,39.43725550802778,10.037120266682622,80.2815903864363,85.31771387885583,195.87298664672142,240.32572810402561
114,31.309127954784167,17.930059310540287,88.43392180430877,93.46023823439226,205.0587608513198,250.97400601982
115,43.63745378503913,15.034182049922643,75.80415693127158,80.84036948503152,192.02700629418473,237.92765014921935
116,31.113721178900104,17.73088480790189,88.58963494572242,93.61690266912917,205.18119408251965,251.00897110660196
117,35.49962985139023,16.75246909622873,84.15903685909785,89.18634177131489,200.7837792712415,246.96184459074794
118,45.23309968967843,16.62637089899529,74.2127690567916,79.24742484656477,190.59210872233774,236.91160819763275
119,0.2949788868004569,38.5474119523446,119.22607656120849,124.26157221946656,235.1051737215857,277.6316595042131
120,44.2472839409965,15.386352516943136,75.19377844735503,80.22992465300344,191.43172873280022,237.40543623917355
121,3.9194776763033095,36.13761306602843,115.96331140671012,120.99655601815005,232.06244374917975,275.2321551177112
122,3.267039346636811,40.58775722422365,120.24740992362852,125.27816903251468,236.46824333474535,279.69233602641
123,20.892897123756782,18.328426044979924,99.0417448920893,104.07842900655564,214.4599869657897,257.2937542598834
124,37.039996647556144,2.8074813148497926,84.67478067561034,89.68756118811001,198.87617303358823,240.9281877806688
125,33.700590704793875,17.238687523729634,86.00624113338422,91.0327423273297,202.64330915238523,248.7353350946137
126,0.9999814312198779,37.75847324700262,118.71469822628765,123.75104608804787,234.4854498793909,276.81567651542866
127,27.095762214331796,23.11585329534521,93.64057860844682,98.65208531729051,210.5892933901594,257.04421354248666
128,41.89025648340372,13.737013911443125,77.5639028524782,82.60072189433475,193.677939615173,239.2463627107844
129,43.316428412066415,15.039881532624452,76.12370602488318,81.15966209664495,192.37089793397897,238.29500368263226
130,46.151229957145965,20.770925655718052,73.7284509730031,78.74521802260254,190.6946676319907,238.36854388627611
131,36.039469203230134,3.0086224830305324,85.91255060115054,90.92363227691524,200.01959794196372,241.84189026195148
132,35.96167178012065,16.915110659647127,83.71991638504744,88.7464793257114,200.37264960005464,246.64323777006896
133,32.734645029733954,15.226962393836892,86.74522006768672,91.77841751367379,203.0885436499158,248.48296036727308
134,20.743149912387768,19.69171741296375,98.7517827845715,103.78875189341461,214.58834755975332,258.2057667807489
135,25.689689472061392,20.664843045005316,94.17342101946227,99.19921115333878,210.7744087154958,256.29384664518244
136,5.686535845428533,43.44083229584583,122.73963635323037,127.76707448574933,239.10130639871542,282.5371549866908
137,6.584881429100054,32.15555199485852,113.03430789897587,118.07122974326275,228.74233699214787,271.2604104108876
138,38.280450899484435,6.928335989967288,82.00986604589663,87.03985088903254,197.0666057041867,240.54448926306046
139,31.560598697033264,18.78108916945938,88.34882010639912,93.37147658778846,205.08275237896856,251.26692870362024
140,44.32349641336237,16.065516692913622,75.12044726522663,80.15532836800152,191.47311036608528,237.67476410644542
141,35.809761312193615,16.735658786773197,83.84748197801288,88.8747530522043,200.4758492837137,246.68184434504744
142,14.440664145588302,28.243364248168803,105.58929953524732,110.61736391609399,222.03014366943654,266.53010689766063
143,38.815133771833544,0.5404705227859575,83.8696186122199,88.8669343489395,197.55054565341328,239.00173063894
144,0.7329183768744256,39.15771099572384,119.69618276395761,124.73110594575776,235.63111322450155,278.25065111805213
145,34.03759145318094,8.987944887791016,85.87918400179818,90.91426903026111,201.25976771049133,244.94714411485924
146,26.37215326867573,17.760473291283375,93.10878490701434,98.14234321954059,209.37095355510672,254.1933595550312
147,21.02382585865513,18.25961327306019,98.87673749624209,103.91351572171168,214.31718744286488,257.2006856088228
148,21.087773949389184,18.16692725985518,98.83660590673449,103.87330466696355,214.26047857709634,257.1175683437564
149,34.06402207580076,6.051131694478648,86.80422270038805,91.82975450120398,201.51975332256774,244.11433090800136
150,31.205020325272447,17.914982081183833,88.53122622761342,93.55772486489236,205.1493385647131,251.04284474073216
151,39.354079359345135,10.226139574832722,80.33440082714046,85.37079454742403,195.9637864051973,240.47558013177255
152,14.497881907529807,28.397760144122305,105.60716125269737,110.63453741288214,222.07498735559662,266.63802779735965
153,28.214861338784416,16.168111057297907,91.23302241765833,96.26786531992632,207.4188953352849,252.20039306322698
154,39.19132893165284,10.124862749083208,80.505533619882,85.54187016736032,196.1236291953974,240.6036940479967
155,229.42895055822797,190.7694076193028,122.50762875235706,118.60643078809814,47.230235602287564,51.25742561516803
156,45.328245323814436,16.390790059518125,74.11257176088147,79.14790990757558,190.44102337114768,236.6675950811704
157,224.3607965789234,185.76925200092174,115.36705532686409,111.31946756421083,40.24736468721819,59.040059938384985
158,6.002077793634719,41.78400041670817,120.33312224591529,125.35678850180942,236.8476544868762,280.77980585308825
159,41.01128152746634,13.5078336031524,78.43957652685879,83.47628495467305,194.5617969424053,240.08230636103315
160,38.68212262261867,0.3408456533220572,84.0730734589165,89.06968251839264,197.72568612172705,239.12360887426914
161,45.446091801006894,16.786280930160338,74.00092080915813,79.03545867327418,190.39085983287984,236.7466323850417
162,33.91017202856434,8.974945733140231,86.01886574843502,91.05386890291248,201.38870140776103,245.0482437982511
163,1.5359073515410948,37.31220356986647,118.39994702061753,123.43661772454087,234.11630763410045,276.353642771058
164,11.614376832672596,27.893737466049764,107.83292067196787,112.86906089192209,223.72826359740554,266.9164014507386
165,43.50724556206504,14.928098484298243,75.93496635426679,80.97124189082606,192.14873752180912,238.02264391399254
166,38.74983313041796,0.1674059642503429,84.25458317883258,89.24770880213535,197.79191400712457,239.03136431400677
167,27.238151535073712,23.216172506330636,93.55139037205514,98.56199556286832,210.5167992628651,257.02435645334685
168,44.6448910472794,15.736100604058922,74.795090047778,79.83099729836792,191.0633598994491,237.12401631147412
169,43.99519346094797,15.487886698943043,75.4446100843664,80.4803574358004,191.72077041169726,237.7496103080118
170,10.035652037526697,40.00946113394182,116.38988815068198,121.399720731683,233.2701947811011,278.3929809791456
171,14.778875291885807,28.805040641782455,105.57563615797126,110.6007580618381,222.12463645126886,266.8860153613473
172,41.574655219188415,77.6668083487451,160.64506342652217,165.68185731733388,275.48564019669,313.94818534620146
173,11.870240465395357,26.817841072434064,108.2276971681037,113.26481094451243,223.65250781544057,265.9175189882311
174,44.41360843811713,15.855870806951678,75.02679417683262,80.06223608823329,191.33565332268117,237.45802958561822
175,5.410320752993264,43.226064067604995,122.60928783809631,127.63733906125906,238.94566134659954,282.32645208669703
176,21.349312983383626,18.052385793314848,98.50018418280611,103.53708798807546,213.9751159164161,256.94398385598623
177,36.0983595091537,17.003952343665937,83.59562575936533,88.62181498045622,200.26123750354225,246.56974017252415
178,34.8329134885005,17.382530296832666,84.91232578945808,89.93753965333973,201.59793128619197,247.8720369494917
179,1.165214001632865,37.6442336126553,118.65617820576392,123.69266073991471,234.40511862948898,276.69424403810206
180,14.301035860599969,27.717071668868833,105.50927573054156,110.53945884635559,221.85814870246085,266.1488256762019
181,47.604761335405975,18.74096787790928,71.87546049929024,76.90761117789386,188.42226198844295,235.2494678452495
182,22.72251003270032,19.046233014185326,96.71733394838762,101.75311059241558,212.7612136758775,256.9117508987054
183,22.635251604913094,22.15302370101116,97.19620439416367,102.22354027369802,213.72241997811093,258.8903890588676
184,43.379392971111386,15.141612881526672,76.06046237281859,81.0962951897408,192.32093756258263,238.27516424574745
185,42.01575144061141,11.665571108544974,77.61228395452174,82.64899850971494,193.3376165635907,238.216795870035
186,45.85975482421307,17.099720035662525,73.58973032960121,78.62403198509114,190.0001066286538,236.42617165847102
187,33.921215799753746,8.848412171793136,86.03543619693686,91.07020177698519,201.38094805257097,244.99977824249538
188,25.803826035551587,20.590448353632556,94.05493376414614,99.08075737014595,210.65564143567713,256.18125678790136
189,6.1800943827973756,32.528196168215565,113.48118807944788,118.51816450358648,229.17063016219018,271.6269300065933
190,121.47749147525194,85.80708711820968,3.5860750184919534,4.341234515444592,115.08240616644477,170.3018781532935
191,41.697419199166056,13.788525562133762,77.75259069262319,82.78927958858095,193.88658170553413,239.47859520027254
192,14.633625315608263,28.15633224727064,105.41598127793448,110.44378546771372,221.86836236316518,266.4049962284841
193,44.60115830291088,15.598655244011086,74.83962674517942,79.87573207776556,191.08648111733103,237.1029358703937
194,43.70761556490751,15.137470484554667,75.73320674158639,80.76931204351146,191.96911027619552,237.89977843604365
195,42.32455630068919,11.813689542068342,77.30339931269577,82.3400971648699,193.03049695081287,237.9363015902233
196,34.80776181970793,8.64655432219006,85.13410136656123,90.16883343851218,200.49075058842203,244.19467451806202
197,35.83802383274773,16.874029629006614,83.83783015254137,88.86458134991265,200.48353053867362,246.73033965624876
198,37.409796667612696,15.272378991639052,82.0937440315249,87.12565620187476,198.5503446142381,244.48762360176312
199,21.54724499964011,17.88097027830263,98.30023440762174,103.33713060634909,213.77574493619835,256.7587466459203
200,41.79292634303753,13.939982661645445,77.65398233903318,82.69054639485199,193.80834740637482,239.44572988402746
201,44.80106344889779,16.521473183487718,74.64825506552688,79.6825996678383,191.04390983370672,237.3648288875236
202,34.342937043906296,10.716065159355546,85.26956539345012,90.3066893453305,200.98208501915002,245.27327448595676
203,1.232114517606195,37.51007569180218,118.48195617109396,123.51837285783165,234.2434846870765,276.5675028827085
204,27.56760034537916,22.839830403242644,93.13014037078237,98.14177745436193,210.07901024342425,256.562018197738
205,47.47180354946724,18.277015234097547,71.98650107075781,77.02005317339909,188.46025589564994,235.12926977854377
206,32.919183269420095,16.88341896249474,86.72145888065255,91.74982209002505,203.2882683656265,249.17350616611114
207,14.19392095562796,47.12424278488362,122.26422798096125,127.2536649289296,239.43816772704386,285.27866009864744
208,44.44330993626527,15.761164801137188,74.99654617263884,80.03220797597713,191.2861132087356,237.37321564380298
209,44.564942295275856,15.760814660678044,74.87486890902095,79.91065263062157,191.1543727266856,237.23084592964184
210,219.61653053409466,181.2442924787842,107.44691383217396,103.14274773085876,30.49885260976346,69.5367896430972
211,228.54131717412582,189.8843491410973,121.5239377669736,117.61916830113078,46.81111283497082,52.24804031000914
212,257.9020084223288,220.248853240413,140.6742523201183,135.8511959558691,22.967694215277106,70.49267650820322
213,27.330059836023498,22.871835692666025,93.35045036040214,98.36255627528428,210.28956420218432,256.7329289672477
214,35.81364315477309,9.219733017367385,83.98364475894647,89.01947745896226,199.47925770099525,243.49582307206796
215,11.404261109289411,46.465155162324834,123.23334282398154,128.23907543187968,240.1651988508785,285.1415988152382
216,46.20338595682716,17.66192187992403,73.26150583017184,78.29467174835276,189.74261109515007,236.33536272570623
217,31.488748632525446,12.043639947004785,88.07651988343892,93.11380790372144,203.84617929695042,248.0412785024595
218,1.6474291212950902,40.28797113422622,120.83139338597246,125.86606751621669,236.78124565879625,279.37364513666034
219,48.9481766160226,20.445611688927603,70.61555389140597,75.64337436177492,187.33970354305893,234.63844344475055
220,14.499351433689977,28.504989080910793,105.6485563712607,110.67556152466683,222.1302218860357,266.72413720590805
221,37.14743135519427,15.658317677409233,82.38814394825283,87.41890810266304,198.89527401992393,244.92239974358236
222,245.19639372055207,207.6319253542444,127.81550845720356,122.98812379902901,10.10344870538593,75.43151593522705
223,0.6190700911012444,38.085625233819144,118.9492373270963,123.98531832157074,234.75769657347365,277.1524424984823
224,44.19094876103535,15.798319341428796,75.24995324036561,80.28528068234765,191.56592088659588,237.68612727359513
225,21.31988158341982,18.010748020230416,98.5701980758481,103.60698417581123,214.0162686053719,256.9297535268767
226,36.30222774020511,16.871693388273044,83.37295976571826,88.39961202533263,200.02553011791966,246.31749189734887
227,1.012739002662596,37.80287523561832,118.44161891091761,123.47714986795086,234.3228958727058,276.89547387490927
228,0.7597141661711209,39.38604804569328,120.0101176959602,125.04526961122423,235.91996174240364,278.4699205064205
229,34.524921429992126,14.414244710865917,84.93076340072312,89.96498044086412,201.226176186143,246.63935681364467
230,44.501035978368314,16.248816030479265,74.94499858645487,79.97965221790895,191.31616792787602,237.56705914411634
231,37.15254312264661,8.163753441417732,82.83186579796549,87.86570768721766,198.14585430105896,241.9557641397899
232,46.25357785173392,19.93077409759872,73.45774431869124,78.48032791191311,190.30165832627466,237.6863220977152
233,45.57843244736685,16.87162742122372,73.8689233072321,78.9034253749077,190.26280500921905,236.63590122596264
234,46.33460764082081,17.7522107548148,73.13110957893713,78.16421584239342,189.61682256299085,236.22829808833188
235,1.3595588850023916,37.54476867904463,118.63401970589314,123.67066634520317,234.3531104332873,276.58324597314345
236,21.22035579099406,20.71896624225177,98.23770704332311,103.27227972236415,214.3802286202955,258.6395097080729
237,9.308004451897135,34.82210530003835,112.33443449728182,117.35725674701155,228.91842086969825,273.4189881279164
238,47.58835319261455,19.07086172938694,71.91832208586654,76.94905681570711,188.52611215933334,235.47914902054544
239,35.86928675449306,3.231208631753993,86.00211948679495,91.01439446545528,200.15264803121357,242.025328629286
240,27.234920202737325,11.760200031569562,93.48045474917832,98.51119305374326,208.38151729786065,250.74923093318174
241,30.947718969882885,17.847158505422232,88.76671329721944,93.79377302366817,205.3641238938782,251.19482121712153
242,27.37701188673344,23.185442838731667,93.41869541796835,98.42907746724391,210.38870189450554,256.91665994656796
243,32.12190211623576,14.672900962129425,87.32684517640372,92.3615461024326,203.56263109486417,248.69702204106704
244,0.8174992113529387,37.94482158705762,118.62665335629664,123.66227835446409,234.49565721048387,277.03281433898474
245,23.61707801134671,24.10066097087782,96.95159675715188,101.96835558404017,213.77741101783684,259.71278596071744
246,31.380695253593593,18.045662092853668,88.38458081793668,93.41038152091869,205.026418682226,250.98491278136387
247,14.595221388675363,47.25816903363968,122.17265611863833,127.15963006188642,239.37589524305554,285.33027740826117
248,48.08758161119224,19.132432289278864,71.39942155546541,76.43114844711052,187.97052783817193,234.88249482308024
249,234.54512040554673,195.88863448966077,127.2073453507536,123.25080874969035,46.83152065530633,46.76577024789976
250,14.790661521646832,47.35830399683658,122.1741173801393,127.15993850060224,239.39046058792093,285.39497752440445
251,36.41093244346095,2.810471253739693,85.49113580597107,90.50234938300186,199.61324771058668,241.49097878960646
252,43.735625486649674,15.236556908229685,75.7045311978326,80.74049588980837,191.95588044940754,237.9181925150947
253,33.75131109211844,8.80276349295715,86.23041292481275,91.26499396923954,201.55479960412328,245.12500708643782
254,38.464366390616014,10.218540320184202,81.19863694934924,86.23529247604581,196.85818586999133,241.35568118117624
255,38.781691511306455,0.8835917875562791,83.7317533497981,88.73145680275222,197.49413864150242,239.0593575828733
256,47.98229230376634,18.861589408909627,71.49060646613812,76.52316526962122,188.02196310133525,234.84457097406465
257,41.08276895037272,13.27614280779581,78.37727244071756,83.41421221698685,194.45705935201568,239.90306406386404
258,93.97681421276201,61.28723818792245,86.00515528699893,89.33388009343518,171.91931563399393,194.72368403148255
259,22.32563216744567,18.74336478335201,97.13763703613552,102.17431291088559,213.05314213446673,256.92401234891037
260,45.3696972119166,16.528647622056997,74.07263540952488,79.10771113067014,190.42261458843515,236.6942043949777
261,219.7131825486528,181.34249160876212,107.52297162119277,103.21659431488044,30.39667056785613,69.50059620113295
262,5.833671040434213,42.89171236803289,121.84178781991844,126.86735061451381,238.28190620156704,281.95415851233486
263,37.00262746964861,2.9327980808880816,84.65787569853342,89.67139054462226,198.88810779222123,240.98011509307017
264,37.17462585638928,2.156278607082131,84.85739535458599,89.86595466922184,198.89641935553377,240.71841759167268
265,37.18411733607763,2.6553184161025407,84.57932672554631,89.59131042471165,198.75249447564374,240.77497260814167
266,31.390621696066837,9.998116573209236,88.57556364625795,93.61070416786465,203.92019823114032,247.35132925929278
267,37.125590852575996,6.2435458313220895,83.32558917738662,88.35413363732242,198.2722876882972,241.48151211429072
268,31.498950785697897,17.49103225320479,88.18340162987988,93.21106068282761,204.76429831071857,250.59203850483806
269,41.27250862917153,13.243775866584134,78.19192300272486,83.22894075019713,194.25628058965782,239.6872549511837
270,31.15827255041335,8.250478056204296,89.65041066299831,94.67833148749115,204.4421492003862,246.9286822930224
271,28.71913336215476,18.69398551864433,91.01445427305704,96.04170384520384,207.58842356546936,253.22926787241914
272,31.574972455858465,20.092933726335524,88.63482734630895,93.65154089346245,205.5083039163879,252.0344345647896
273,23.926070729709245,19.479751763441193,95.5806696830059,100.61367922854299,211.85582986300528,256.5550210404983
274,44.121135864127915,14.727840038636453,75.3350544545121,80.37195643716437,191.4620727683395,237.2176503611152
275,36.09747058315249,4.280272001392764,85.1025146082945,90.12267620315028,199.59753404681365,242.01455394764582
276,40.49060428358936,17.137570054756946,79.14281556711522,84.16971498541882,195.82156620361698,242.44421648641222
277,45.37768570803933,16.93702375011673,74.07535055285985,79.10937617357908,190.49785472402652,236.91354572303362
278,157.35766435796586,121.67404754674473,37.93761056341303,32.911700914314295,81.08438881275893,144.6785401868937
279,43.874563457887426,15.380496150134224,75.56529108338717,80.60112458957597,191.83162700488418,237.83280863050166
280,0.638534143507026,38.09267152496429,118.80237649424312,123.83805082366737,234.66417797839088,277.17701210188744
281,47.754489430505444,18.710669992870635,71.71780985588515,76.75042052767603,188.24417558858943,235.0401977429551
282,3.3891865433583646,40.921127116249224,120.60291592246661,125.63364693012542,236.8229915061161,280.0275897682473
283,45.741752224804756,17.00346789856396,73.70679772204247,78.7411854056058,190.1101957226037,236.51391019310478
284,14.175245803228398,47.18509989459119,122.35852307235497,127.34820538614521,239.529249858297,285.3539677440823
285,18.37361251933603,20.506261254645345,101.71966592153387,106.75614246495192,217.06406162304467,259.5943312137121
286,28.06086633775364,16.339354619549944,91.39026564112068,96.4249271569126,207.58927347988038,252.38768681636486
287,30.620365208172025,16.296028272214663,88.89383923574731,93.92602762214727,205.27420908719697,250.61080095115528
288,23.539651445571288,19.850818058606162,95.98133514358445,101.01403360512685,212.27176327428757,256.9796623402004
289,221.98583538584552,183.41399135175695,112.6623669541823,108.5975535113984,39.35378921944572,61.82540705282971
290,12.550206196092377,46.75376817747765,122.86447061101731,127.86382492571353,239.90238250732477,285.23854479954184
291,38.8043174505711,0.6710488710440773,83.81435059627343,88.81258343497285,197.52645087255465,239.02139878232566
292,34.143808447859904,9.014228800229967,85.76000958192849,90.79518611205883,201.15218089768422,244.86726998605565
293,0.2222332907317907,38.70240333101879,119.38696507621933,124.42244689405858,235.26635745254865,277.78497190272685
294,47.537811518667,18.793588014967508,71.94900960306114,76.98079401340368,188.5118296606854,235.36734377231008
295,33.85205486849665,15.955480215171708,85.70015629391084,90.73081276957414,202.18275234149942,247.943295863943
296,20.778107321904113,17.94991705285148,99.82749399918583,104.86146071536761,214.8867640552153,257.06063738739783
297,31.55211283305129,9.98584013916045,88.39248175955123,93.42775602641552,203.75458686653207,247.22768698781667
298,47.8921469933607,19.107354022652537,71.60222626846101,76.63356821574511,188.18800663877434,235.11651251671958
299,5.934183300467681,43.686234180578985,122.93905320223705,127.96608462658122,239.31631806256138,282.7807038222528
300,24.15052827844578,17.379581345064025,95.31466741736494,100.3514094768535,211.23702434118547,255.23633045729176
301,29.96525494985006,17.003890989458668,89.59564896985248,94.62659527555338,206.03170811885659,251.44579754781557
302,45.32509767278055,18.048853595123653,74.20250164981339,79.23252284174224,190.81609949611936,237.6228196371758
303,5.006445422870631,43.14974365397133,122.80708727921399,127.83674838855615,239.06819835318248,282.2599115102804
304,6.032651543860429,32.71463764718769,113.55147941029247,118.58828011603208,229.28337304127777,271.81936743902236
305,43.53397446137973,15.213584528595723,75.90588346815045,80.94171874393277,192.16796248133596,238.1363990586287
306,41.9751895987571,14.053089804438985,77.47074734009038,82.50726570141275,193.63394145643684,239.3011591781349
307,31.41105045133321,17.42922690450202,88.25911894691436,93.28708747400951,204.82828658684923,250.6243152041487
308,31.395196430402724,11.9993293923997,88.18031964966616,93.21759628945097,203.93407527853222,248.0934831623738
309,43.056184230910546,14.66678192610874,76.38680583973081,81.42314642414416,192.58700901814444,238.4024520946083
310,47.50628613650203,18.635856384301174,71.97090239222538,77.0032366924353,188.50800790931004,235.30822439058468
311,132.93227454272488,97.45189395905986,13.525424073893722,8.527540459277573,104.45665368074728,162.63661025220281
312,44.065152530088945,15.718649010964848,75.37558311286834,80.41094643318787,191.68706330933472,237.78948379161665
313,17.780390730589872,42.09295756330479,113.98266342548331,118.94978552892731,231.38827215723782,278.52183540337825
314,36.68846931635568,2.7106417875915274,85.16849347407658,90.17991356645615,199.3061504604447,241.23170597796548
315,38.61222890711863,0.2713007595066735,84.17141497272345,89.16777235831542,197.81325028327228,239.1890619027486
316,41.81005332482725,14.809326907736931,77.63153974686372,82.6667623422599,193.92881306325702,239.84301674877548
317,44.051958020114824,20.07204447523063,75.87541172909553,80.89173546263173,192.83572599885707,240.35792211455305
318,44.879489804427266,16.627218596455226,74.57193328046901,79.60610160190042,190.9799200006966,237.33102332130312
319,47.785001694466786,19.01281120424345,71.70707247856829,76.73854817726416,188.28601747091614,235.19264480257308
320,42.01597544846161,13.660367972810315,77.44306388565262,82.47999761491742,193.53613570564744,239.07448593437778
321,35.64866799235329,14.50278788266184,83.81381672863311,88.84762815540496,200.14752295438336,245.71323260924888
322,25.923191134519122,14.898969005427986,93.71864023135899,98.75587751055407,209.37186542776902,252.97442944651036
323,47.17147195818456,18.479509321361014,72.30866673219356,77.34085525126964,188.84913634706953,235.63234344770902
324,14.655557808448238,47.40217249317558,122.32488586668912,127.31172593240213,239.52930838163905,285.48201957460736
325,41.644940857799924,13.66684197580966,77.80828537649117,82.8450752872967,193.92447958732737,239.4792242084443
326,32.36564512651892,15.109748314553396,87.1030071691458,92.13668474435141,203.4132004018538,248.7152467946329
327,28.236876430054917,10.70406087052006,92.66115068489376,97.68996995318928,207.45223650948913,249.7114795480752
328,44.972355560981526,17.08269700011282,74.49705999161101,79.53001688164575,190.97613501796394,237.4773651040783
329,38.01702035050392,2.2149128938590787,83.86539391892377,88.87475737997417,197.958288672314,239.9356399931757
330,45.670357730661856,16.57134823988962,73.77034715751104,78.80570823577317,190.10094772626286,236.356519031539
331,47.62741113141939,19.277541399230426,71.89624236761307,76.92613857685187,188.53684462961886,235.56215815921007
332,234.6660029386643,196.06603061652564,125.4183219319662,121.30851776510835,40.276386620492715,49.84289865369362
333,26.971436997220803,23.22127652305897,93.78637079619276,98.79768523710925,210.73787177215613,257.1928712392097
334,14.30543949746685,46.995525204797374,122.01757290551564,127.00602136329648,239.20395954327185,285.10098195790306
335,46.54185483405735,17.136291378961953,72.89948410576875,77.93471009459644,189.2514781380147,235.61213095614895
336,31.115042346069078,18.251577047499154,88.67421851752405,93.69957910878719,205.32777098317598,251.2968057039466
338,35.820239221843025,14.500836229536516,83.64237905560691,88.67617612186663,199.97871522317558,245.5612037587403
339,31.356683054867162,18.88425446269973,88.56420171589815,93.58670771780378,205.30072906538243,251.47861592471568
340,1.051181967585619,37.625811255198876,118.46470955210184,123.50080510112686,234.27508728975076,276.699686059462
341,41.1686509052889,13.854964215706321,78.27510271963047,83.31148085870733,194.4474196116962,240.07423345467785
342,6.13410035535562,43.77853567383862,122.93395335225547,127.96032695520842,239.33739004818014,282.8664319750914
343,43.29211602405095,14.90928922768965,76.14900636927494,81.18515389909881,192.37510978095114,238.2570073748908
344,33.671185898657576,9.240934038480114,86.2182396034091,91.25360790830935,201.624275395268,245.32826510619563
345,31.61779944687653,10.851670383060226,88.12156308236887,93.15819137887803,203.67502096441163,247.48832624597998
346,43.96888575058562,14.63930621083655,75.48765055112462,80.52455843943488,191.61148475934957,237.3499276244552
347,36.327639793282835,16.772843371310557,83.33417598275777,88.36119559560706,199.9750339556389,246.24221779274617
348,36.28897089832983,16.99818939127374,83.40384460225856,88.43001450486463,200.07155166395407,246.3969671001376
349,25.205783101055182,21.407058273603905,94.77713239316877,99.80115684021813,211.4294228014814,257.038854716595
350,45.76765815463149,17.233687261541125,73.68863986098957,78.72240769857957,190.13107174548935,236.61459892898955
351,6.518885425559395,44.217874062818225,123.33489450029299,128.36078641778474,239.7546719660082,283.30521347501127
352,40.24682640808394,8.690084029696363,79.76291077123777,84.79570940680749,195.0486137179266,239.05327604370444
353,5.6178949064363115,33.1206048284553,113.96013208117212,118.99688696592382,229.69819955132337,272.22351560371715
354,37.40351724968891,9.693136444753238,82.31405200385524,87.35036944691593,197.90138233872085,242.19447818770547
355,173.70785086646436,135.63712437749575,61.28783360832192,57.25411443652655,63.314918860789405,112.6599178891867
356,44.97609494528387,16.7128960703525,74.47656004451551,79.51062845049947,190.89194298847596,237.26471916784158
357,21.627134674912302,17.18133082687413,100.16567928035064,105.19311509785359,214.7442170945921,256.1362600846456
358,37.44148930320371,3.415756962558144,83.96140388868228,88.97773638288878,198.31986997940518,240.64328346306044
359,237.22285712740816,198.56127639643273,130.04293201717886,126.08791386545444,48.0655017942674,43.94086423933721
360,33.22483432879791,8.077357432589169,87.02217135191718,92.05446811184393,202.1430331049526,245.33111415091153
361,32.904527482092554,10.444595835345103,86.80849382970926,91.84518235785863,202.3919542568291,246.35017482123425
362,43.08027395874525,16.81939585149172,76.4304471930124,81.46148888153017,192.9810618318521,239.49909586194903
363,43.36890418117442,15.558889604772558,76.07414894442933,81.10915133419405,192.40672654822308,238.50073574732244
364,19.779367364079114,23.60124780953839,107.77457810797432,112.77990889310794,221.17457758983002,260.3307089753648
365,31.669567188957416,18.923237242080216,88.27384276142963,93.29575083152972,205.0280881518498,251.26729408789842
366,218.9541116072252,180.38304435971258,109.76458506135802,105.72530585163885,40.2165264774817,64.51297012528339
367,47.49749042000563,18.53684696533072,71.9738103636116,77.00649906424788,188.49354936690767,235.2575753585905
368,0.9024671551672678,37.93539721684528,118.56469766743363,123.60017395878711,234.4511434284591,277.02799281968055
369,14.600232624750573,28.044789743458292,105.39888015961586,110.42715649201573,221.83239174718125,266.3253849402911
370,15.611979883917666,47.977571429931636,122.44348471257689,127.42472071828524,239.70847699245547,285.8941110376336
371,27.24200566735068,22.800064077636883,93.40346810415282,98.41616738434237,210.3311710502636,256.739460578347
372,43.027041151032215,14.866653935956068,76.413349895133,81.44936989735443,192.65030027093144,238.53390554885834
373,124.48178129105366,89.24330564248238,5.043392589810244,0.009353316185992226,112.89555693896435,169.8382261087672
374,29.16049022795088,24.000545282427737,92.14645887955398,97.14737474434683,209.26834578616806,256.3240424604469
375,14.569148571827826,28.609757880028035,105.64128802231706,110.66772581314319,222.14394654721622,266.78879790811027
376,1.1869863571267487,39.82969974319913,120.42291609844128,125.45786834450257,236.34955550849406,278.9135985140442
377,37.004360856249875,1.7328302405523144,85.49182849639551,90.49475401777936,199.31591105263377,240.80558080225097
378,239.9704331798167,201.65529873497738,126.59125876730228,122.12294564601892,25.08967648064528,57.09682361655854
379,33.96440923575965,12.85922851727498,85.48774449864709,90.52439060718665,201.5357020586839,246.42291241530677
380,40.941350206171805,15.128190831199326,78.51593031012524,83.54981922739258,194.89896529963536,240.9235183190987
381,44.362846009388825,15.638053746505848,75.07698767626641,80.11280316487604,191.3509686821006,237.4021640940565
382,37.46929466198239,15.652485713305666,82.0636049066165,87.09442279740743,198.57130645165913,244.62082642817367
383,45.67043612763231,16.669779774551145,73.77148084875051,78.80661639332936,190.1203203527099,236.41144018981805
384,34.19701517819237,8.85958192750883,85.73649462949714,90.77140989396209,201.1017846809583,244.77485888254046
385,47.37822378412102,18.595600410979408,72.10142248739385,77.13362351852557,188.643480300779,235.44471987696332
386,33.86015909977988,8.680371553524187,86.14114851134178,91.17553605808179,201.44865832175643,244.99830635540735
387,41.92367612607611,14.546443910611803,77.51613458704674,82.55191247820864,193.7648079612526,239.59219951973915
388,36.026628614053855,16.632270014460463,83.6173525186745,88.64494581855134,200.23658198653538,246.43599702231367
389,23.11656724403998,20.24860194537301,96.42033777606322,101.45271953589261,212.72539134612566,257.438678572463
390,5.780778063759833,42.91395894083944,121.90483585551692,126.93064478373532,238.33544541270845,281.9809852360976
393,44.473565736572276,15.369585077388505,74.96945324290436,80.0058107659052,191.18515108214984,237.13300745086795
394,41.692704192306444,77.80858222837546,160.7751354882366,165.81197131673522,275.6268295464497,314.1048360716072
395,6.238575972562223,32.614297963996805,113.26200751696558,118.29851142514077,229.0536900609701,271.7251051605802
396,37.905575488136805,2.486547137791568,83.86265429572391,88.87367536248952,198.01684937295474,240.07504636705843
397,41.70652780319382,13.591970916215443,77.7502664622521,82.78714768290907,193.85011386454573,239.3786774107392
398,36.23050360715804,2.6506376741887023,85.92368312419269,90.9320394063384,199.92906067329747,241.61634206376976
399,39.94182509123319,12.301089757698014,79.55054295337452,84.58778906589686,195.51739677290036,240.67202396532159
400,0.6711589396151707,39.33681907351998,120.01703200196438,125.05237138148487,235.90716852889977,278.4152080100518
401,22.059726542477254,16.72152416746442,98.50716594379031,103.5408924488464,213.56324798166168,255.8220042028966
402,34.01436625541282,13.829811698670962,85.42643652164497,90.46184485187713,201.62206406430104,246.8008955594531
403,24.19444085204241,17.27322058607944,95.2767053427096,100.31352888830313,211.18336459117364,255.15484502927956
404,12.701061031660137,46.72627778458959,122.72619528566558,127.72453711262267,239.77968188060362,285.1741890275544
405,31.867365319207693,11.677175146912534,87.72341280505036,92.76065628270364,203.4568829552898,247.6118509182098
406,277.74851295819246,239.1089825872249,173.70281420528488,169.84318596793403,80.80659625360704,0.007834758163107856
407,16.334494043606476,22.86989714737923,103.34609762388725,108.38339282244999,218.96783977248418,261.89410414169686
408,3.7090590367819214,34.97907661486861,116.07780279525147,121.11473416223377,231.7557166898404,274.04392225719215
409,31.673380791137983,18.6201145126144,88.20909179613678,93.2322651917893,204.92987678525324,251.08985402394595
410,30.996557429942467,17.600323383494548,88.68236696060444,93.7102273004898,205.2521784702658,251.02387539551134
411,34.15447035160447,14.11966315215727,85.29121614060917,90.32609648861946,201.53351565791596,246.81486135344235
412,42.58352968432751,17.01119429082426,76.96142765733714,81.9911026200135,193.56249282237653,240.15426239324307
413,26.848075264326,25.327381279149815,94.73076413164539,99.73111785513152,211.85003993074352,258.7632889712001
414,31.06449493249068,18.165791108560104,88.70755693011463,93.73330683949757,205.34864976459062,251.28594443584902
415,38.68622597367863,0.022674066158385495,84.24550072381578,89.23972849972947,197.817650630815,239.10071350608612
416,31.69551364407423,12.081550376765902,87.85563986702363,92.89293527439291,203.64864543031058,247.90102558769314
417,44.16807716732098,15.623588422431888,75.27178687692093,80.30744224142903,191.5586667832476,237.62070110369302
418,48.72349374084134,19.106792051860985,70.73650337012633,75.76987609694625,187.23413607814024,234.0420204149693
419,38.58941749716497,14.644506349820626,80.87103721899898,85.90483107337316,197.23557907624377,243.06159753879115
420,38.913564908621616,14.559582520103275,80.5415498317548,85.57564999607925,196.88974875703036,242.70467037567545
421,12.50540233359164,46.450087456957704,122.48165192029033,127.48063584648153,239.52628849817896,284.90120835221285
422,46.70705225784771,17.535671106470183,72.74071718868679,77.77515329744807,189.15190955667703,235.64076650820965
423,24.13330416232492,17.187805235849076,95.34972869038947,100.38667643645762,211.2279301692454,255.14022291297414
424,25.105811114641007,26.691156766792712,96.82239887451364,101.82114389531955,213.95529616158538,260.80652652484287
425,38.01713747529652,10.23243555443554,81.63506366297534,86.67182171551715,197.3074050445687,241.79405894947118
426,38.91711136504074,17.584718825675328,80.82647692398862,85.85044597521106,197.57832022491715,244.2654868951662
427,82.34212552823726,60.09030469459147,110.3742520162976,114.26292784674548,201.23382426100875,221.77631574136316
428,41.95289687616631,78.04157473194603,150.13944295184405,155.03754063241522,267.82932139968113,315.7624326826697
429,31.702776051181313,18.434701673671977,88.1454312102684,93.16932034508775,204.8465505488199,250.9621256112161
430,42.34039943328941,14.717454774653776,77.09940835583616,82.13517991003206,193.35359827497612,239.22132638713163
431,40.862720194353,12.122086206341491,78.66553748783691,83.70282236288536,194.5569758641012,239.64219633929088
432,239.6757015639979,201.86906213397845,123.22817507075084,118.49120392692193,9.267575010767361,71.56687921914299
433,31.666647834610224,17.22589119664478,87.98408913423813,93.01246861529738,204.54025438250054,250.32326816267226
434,54.283908362078385,16.040023436432783,73.85264753703994,78.69345958140956,184.3391938886014,223.52117054164552
435,90.83829358514774,64.34049491523207,103.99165325562828,107.55861926258157,190.3701299815228,209.578318320278
436,41.66603720997641,15.65166212898689,77.80379755778047,82.83692161598454,194.23935595527394,240.4208311200257
437,29.428594926805854,17.48403523534864,90.16558539397901,95.1957716589799,206.6312454187015,252.07591145772665
438,9.217013488436441,34.520198489461265,112.17565025612129,117.1995347161904,228.7269158614108,273.1523428625444
439,25.131737839876205,17.23413317538281,94.30998103539781,99.3460484154509,210.34380676854582,254.62478167693234
440,21.070566231486044,18.33446832447,98.75909698263226,103.79607239828407,214.2498638243608,257.2298072584934
441,42.85073765200239,14.563065101248755,76.59242884213863,81.62878146310965,192.7885825757758,238.58148357323932
442,27.771664357426207,19.72089314749726,92.08615655106985,97.11129439360522,208.7225237532384,254.4483545265844
443,22.93204849677928,15.760920458992032,98.030253882694,103.06147477515687,212.8913646763746,254.87111385601753
444,43.170395336797384,15.050517322390279,76.26944809293344,81.30527024108075,192.52848803810198,238.46493740911654
445,232.30062848750964,193.63904174030972,125.35499526614034,121.43897653859814,47.63327814873746,48.45130213816938
446,39.013850147866194,16.26324517049689,80.5568176280624,85.58610246120229,197.14056451409422,243.45595271127493
447,13.928400715100551,43.027931179334814,117.41351653420566,122.40217376719754,234.60878475733657,280.7301223524382
448,21.61349218615687,17.7372460779145,98.28395728632727,103.32069599053676,213.72327490605517,256.6437641241296
449,36.95654280970086,4.543147148718776,84.04293386766884,89.06484233583417,198.63927298868896,241.2847992775576
450,31.28662467307451,17.467548465278014,88.384397267519,93.41237456638744,204.95227032971388,250.7376628612866
451,43.24722335008408,15.532475014311482,76.19634840367198,81.23128910549686,192.53227175986353,238.62422662029917
452,43.55046258434987,15.329071320634533,75.88942332240782,80.9250630502498,192.17042184664967,238.17663223733265
453,48.324304051305944,19.679902804265772,71.19747802168399,76.2273719274629,187.84500193208814,234.93430747669518
454,5.935469577010632,33.16459550780529,113.50438358404851,118.54012579318277,229.40118315693616,272.27292083695255
455,47.428245830502654,18.16840597161323,72.02646884414462,77.06029177569212,188.48413260168272,235.11772159707056
456,31.04469192793905,18.067572406280647,88.70979880178793,93.7359391536419,205.3383417850267,251.24570730434684
457,47.72006142827293,18.589081699745062,71.74634925967496,76.77933409067778,188.25345777751176,235.00777965021035
458,37.346363490177424,2.9275436315490158,84.26894664414628,89.28264037911897,198.51531685245413,240.66167890502078
459,23.255322756746445,15.476628297862447,97.5586049201813,102.59052402676694,212.47898754018902,254.58547371277757
460,31.375725617938887,19.930360499622015,88.78265045491321,93.80046445852346,205.63152823628445,252.0839688527915
461,14.290238106796515,28.508437007793248,105.79983305409326,110.82743649226644,222.25758621635688,266.78625659049044
462,4.670934104272944,42.9309959973367,122.72592210041773,127.75642125019206,238.94499732552472,282.04228030559995
463,28.10762971378695,16.462318980585533,91.34953060554211,96.38389499312727,207.57175118089552,252.42051723581963
464,12.710202806735156,46.96400551774584,123.04592586142036,128.04475112793844,240.09127690293911,285.444823939641
465,5.516800308127764,43.146808871375235,122.41160248474682,127.43898291223672,238.77751369888216,282.2394578748815
466,35.39598678380852,16.07452394170764,84.18184429087574,89.21149249398627,200.72006310803906,246.7002969971544
467,44.12880371182509,15.84864535078095,75.31309492665493,80.3482485704176,191.6425292198871,237.7846068682413
468,37.522840333470114,15.553632014056946,82.00138505391894,87.03250776585993,198.4960629361598,244.52134788630508
469,32.0018914183262,15.965374163032632,87.51856330966868,92.55041884911249,203.9284093094783,249.41521617661357
470,12.474977719061664,46.6014432935974,122.70666598933816,127.70615479981777,239.743005970289,285.0805607299599
471,147.344371018828,110.34432541077466,30.89088672940997,26.641655580927246,88.07443357015524,143.3380672195799
472,43.385630039914425,13.885630254157743,76.09399150303943,81.13119937792338,192.12680507762124,237.65455885639432
473,27.774721695389985,19.404763397640153,92.02033309493841,97.04664573354175,208.61915233602653,254.25896688916475
474,37.521945907787995,15.33974490065933,81.9857329306096,87.01747403000675,198.45167853870265,244.41606572393528
475,14.469086428930218,28.00336824178361,105.48048580996304,110.50927150625203,221.89223627385735,266.3297695508678
476,42.07124066530796,14.012769297181501,77.37666718325532,82.41327947476182,193.52731793493584,239.1777127402758
477,39.77668737483055,13.79925677576321,79.66322701911187,84.69908612208263,195.87877037295758,241.49047748458167
478,39.786804043572126,17.69807683478285,79.94882687611184,84.97274589720556,196.70864811804728,243.47046013809882
479,152.986751087022,115.27917594420947,39.91939629327807,36.15385674034338,82.57143286619983,133.78823545348865
480,6.728831001228041,44.39742238917735,123.45867167577508,128.48410187428152,239.895067910275,283.48126642629154
481,272.71167335899946,234.11680200095216,170.3345946879161,166.60348105945218,82.0742282593562,7.378793679664505
483,48.25354401174956,19.735614559015897,71.27829104349611,76.30770917582123,187.94240313411805,235.06214635584334
484,32.021816310893726,20.16928057310159,88.22989623553676,93.24552089230977,205.12823071104845,251.74426234224183
485,37.645734530695286,9.544433309195034,82.09704325744791,87.13313220696402,197.65528467573668,241.91621132747463
486,31.065666577194275,19.815230657390703,89.04753981273869,94.06639433740357,205.8714233758586,252.2431629972865
487,27.69366236460564,21.84225122759355,92.69681769940924,97.71303191186563,209.55775656673052,255.82100686096283
488,4.793243612753105,42.33965573701112,121.71202951248391,126.7404472510734,238.0375261355787,281.43562213557385
489,19.619711138364814,19.98603168297425,103.50834677605141,108.53124481529602,217.77627435090946,258.4659957106823
490,33.564681199482486,9.047693932822428,86.37634546177695,91.41130778877799,201.73632645344938,245.35341869975974
491,14.09976067671927,47.553438276049825,122.91034112185253,127.90133179343192,240.06351161486657,285.8010275534903
492,0.7873014937113821,39.36442244091543,119.9504524165162,124.98548556688738,235.87270611122085,278.4520548230072
493,31.523097590747934,19.01035137633012,88.43181718334391,93.45355543911238,205.18942151607988,251.4277374055848
494,35.686253318893094,9.984235252124178,83.99408113144119,89.03079030273153,199.62210716428072,243.85982656654107
495,41.923053305028304,11.80539881770726,77.68223413632086,82.7191272442139,193.4423033195224,238.37468362539644
496,41.80486017055219,17.506967574358825,77.82663689536433,82.85329536977324,194.52389368077823,241.27497571922729
497,43.638587922503504,14.875144353374038,75.80570722397857,80.84214948241964,192.00002095079628,237.84649938130434
498,37.38500124724141,15.54750259691998,82.13970799724122,87.1708290655897,198.6331956810072,244.6468533460507
499,1.7882604773650135,40.43720057898799,120.98199301263688,126.01663650211476,236.93353204135533,279.5217684583448
500,3.935085662741665,35.07314272298407,115.50766967967543,120.5432208016011,231.41011604979838,274.1841447970725
501,6.490203511615154,32.205794462515655,113.2240082552428,118.2610848077781,228.8854424043393,271.30160182582324
502,5.316085199623868,43.09489666903815,122.4748780831682,127.50297368292551,238.81009666472966,282.19459000460853
503,228.33263624672563,189.67624228016777,121.29576316616435,117.39040256832045,46.72523152955472,52.47731574755625
504,13.033277577537161,29.634085927630622,107.14562127548189,112.17311667647681,223.59885918787393,268.0446396975459
505,45.1705359903561,18.115075763499352,74.37103784141573,79.40046981618946,191.00523486301728,237.84544926347215
506,5.774360501554653,33.29369559068561,113.66589119994798,118.70168297102754,229.55539293658148,272.40320645180526
507,16.423427242274375,23.453379948150317,103.05007546295211,108.0867478631452,218.90667956486843,262.29930653807435
508,31.501923447315043,18.15214908600763,88.28671181042998,93.3119600680299,204.94653036040714,250.95382234918873
509,1.660136987002737,37.06911170106672,117.78936058158041,122.82525589214595,233.63203080205193,276.1592806391687
510,4.536805397343155,42.72165184963076,122.48057280224579,127.51096444198346,238.70679057428302,281.83273729718434
511,2.9069989906225757,41.41974241583198,121.67017280673579,126.7033924378566,237.73083933492367,280.5215354238482
512,5.964768416982431,43.31095979971021,122.35083605520414,127.37673203351513,238.77575632330567,282.38585542127487
513,12.195882042827817,46.777020260359386,123.13449005577809,128.13612516356397,240.13599841242012,285.34003138908093
514,29.59490679089509,17.33239619995072,89.98828159754304,95.01871188020682,206.44462086488633,251.8793916707651
515,47.64582806824001,19.00695067276089,71.85251525355127,76.88367161275323,188.44360439388964,235.36566561753023
516,35.53213712412497,16.1199198718972,84.05101013706089,89.08047497370475,200.59765808680834,246.60504462882054
517,2.548162915088343,41.12764687591002,121.49275415044286,126.5265359393992,237.51287393340144,280.2233941966051
518,30.330065633774556,18.60809089199034,89.48452670456811,94.50961267358716,206.14076048204046,252.067834924833
519,34.05160135592833,9.171210129446202,85.82550428987295,90.8609156341782,201.2424811533665,244.99333483210066
521,34.57044377679381,14.317112061483671,84.882092511799,89.91649138213862,201.16511752724827,246.55617787002222
522,113.62126381644705,78.9873362037345,6.461314205516003,11.195964930176025,124.0950180293462,180.0111576064267
523,37.46758711730641,6.3630239203121,82.95044267858152,87.97922392640747,197.91795308713597,241.18787551657752
524,6.524333955938112,32.70035303718273,112.91731118437134,117.9528591327971,228.84132056261936,271.8016221792708
525,5.623411811438085,43.268418112870386,122.52031955395404,127.547559442106,238.8914135459313,282.3607737878983
526,37.12918144597339,15.544334031393184,82.39684319096959,87.4279466299959,198.88878369687794,244.88229291675802
527,46.857850455920236,17.619661812656652,72.58972782217502,77.62417864732146,189.00167491444665,235.50296145710956
528,37.18089120298655,1.4960555151238102,85.56417722869743,90.56366160920214,199.2702569193749,240.60389292341452
529,20.797757386469975,19.748597895949434,98.68382848719082,103.72069049552647,214.54638424976616,258.2180440068961
530,24.565744051142467,14.192847300116098,96.29105639640423,101.32210284423243,211.16744719592973,253.29426200546678
531,44.82599570103876,16.803931439412036,74.63340533767423,79.66699643723382,191.0758939134814,237.49248149229604
532,44.152792917972775,16.040688582511866,75.29244172449741,80.32718358404625,191.65336718998995,237.85913424121566
533,5.641207766492045,42.920574002634325,122.00086802468014,127.02723446309099,238.40968731544302,281.9966088450262
534,21.337021323650323,17.91061971655017,101.36434922174936,106.3872403900267,215.66986229912123,256.56817528908505
535,31.22395035973982,18.084508013923468,88.54125014703612,93.5671006867573,205.18035562285573,251.1229223633238
536,39.70278849082055,11.683405494291225,79.83134917862706,84.86863092267045,195.70260568872934,240.6662550987539
537,232.57558665758742,194.46459791814195,117.83633653980554,113.26482535472218,17.220574230631275,67.3930528207396
539,46.01968690796018,17.323322233858725,73.43453866620496,78.46845080109536,189.87112778771882,236.36098682568115
540,1.8220283574588783,39.845042289701,120.03191570797226,125.06534805090777,236.08863129546162,278.9540231573707
541,22.713190547886004,15.987800911801719,98.18092044460974,103.21263412021244,213.07604280000538,255.09890446096472
542,14.56116926922502,47.599375497977,122.65625440873195,127.64416089904779,239.84751094785818,285.73682907443987
543,15.566515942377954,48.59470283088135,123.32464207635137,128.3076757811257,240.56896197961856,286.6367013258942
544,9.679860740455233,35.183228288659514,112.39404172637097,117.41478510306814,229.03882967670353,273.6939594077599
545,9.60751931252712,34.499395346806914,111.95019246392954,116.97296813980454,228.537701078163,273.0665412431922
546,20.618166997534875,18.108761815065318,99.97754349565042,105.01160835928482,215.04404299879607,257.2196129800022
547,26.374302934291805,20.481531502805602,93.51884760163009,98.54387385635178,210.1488562552598,255.77607746704547
549,228.8596688653147,190.2034404090538,121.78705732158713,117.87639402061511,46.67330531605091,51.99914841182204
550,30.921813099006588,14.102695605524444,88.5210797172543,93.55729034032453,204.5975756399159,249.3363869185506
551,33.77776852586292,8.044046426023742,91.92319551293065,96.89821589125029,204.69347244652045,244.32832309447528
552,30.300282848735794,9.103750425400316,90.39521323056522,95.42461953282643,205.26247625742621,247.80648177374485
553,42.75551018667136,15.164247292093112,76.68577655345578,81.72104192975436,192.9902905057549,238.9855876393193
554,114.68173833716318,77.9923714502654,11.6633358482154,14.723970508141498,120.74163024664804,171.7972040657956
555,6.327267787203104,43.936932524369226,123.03713980021264,128.06307602967414,239.4568350820611,283.0212906320977
556,46.41295936657871,18.2125819609492,73.07934688708512,78.11093697575365,189.6392176230146,236.40876514359653
557,15.27447475991296,28.86696856847238,105.25615773864725,110.27952045017909,221.86348064155814,266.78692085213083
558,34.37936838282313,19.623613910699408,85.81025697334776,90.82557763179545,202.72861789168834,249.53829014030012
559,47.74244676297885,19.245309683767292,71.77161882344096,76.80196652172557,188.39620923204922,235.39562877651608
561,23.065635972986193,15.669800475895217,97.71890461345134,102.75107541379386,212.6561713628762,254.77824375319983
562,0.9361463693012967,38.844408727169366,119.27011906132098,124.30473477130421,235.2368618140962,277.94649150315297
563,36.18273904689733,7.792042150373859,83.8913600187007,88.92450298107772,199.13034156448055,242.740973739157
564,20.342284405182067,43.19672787550558,113.43332815681215,118.38126532309155,230.96212221426597,278.75547467841386
565,4.840442831962356,42.837383640127484,122.42549083396774,127.45490178289599,238.70100891324947,281.94533505196324
566,32.727867702484694,8.488073961574955,87.47009396382813,92.5029981569161,202.62960885180703,245.8446445390766
567,132.60555089420774,97.5817627209709,13.33855954391049,8.384942492644786,105.71358893415473,165.02824014308158
568,43.211292628528284,16.259197465627203,76.25866562846959,81.29169409054562,192.71544279869158,239.04753407880932
569,5.226533994479817,42.71340298694013,121.96976937644509,126.99732022937971,238.33108933215402,281.8031582291636
570,81.43371768617104,59.55818554009286,110.75830159058755,114.67632616781299,202.07428592347475,222.82308695626097
572,46.96252624536657,19.541933803736192,72.63489144688482,77.66165954269049,189.37325021515787,236.56511891101002
573,39.791385602409264,16.280845353833158,79.76522317054228,84.79487640631487,196.34175898737783,242.69299577137056
574,9.611809422180793,30.015521882374056,109.83505091181128,114.87034862422156,225.81135586420004,269.05147344145934
575,145.5442645284917,110.70997425855059,26.47218243296351,21.51300143016849,94.4187610720189,157.4378607742019
576,10.770679574460566,44.846069434538826,121.46819424931488,126.47439956798792,238.39762646109693,283.44303098140733
577,11.514396268587834,27.2154384563887,108.39906393656537,113.43633590677383,223.9107059092542,266.32461268812597
578,35.97332419466738,9.26664517630699,83.8132593815367,88.84916157006411,199.3203138702712,243.36844509374183
579,47.96260565227106,18.70919155408551,71.5020981289838,76.53518209888674,188.00669625580022,234.7734322163122
580,42.96179598012377,16.014922060044984,76.50138967111975,81.53482590740745,192.93286819583201,239.19596986192286
581,40.423970677209404,16.967786363978284,79.19064172044659,84.21817859755731,195.84824189476726,242.41926314335612
582,41.63031569383332,11.96276973603068,77.9424070940881,82.9795168859206,193.75493814635604,238.75705047934972
586,5.839117079023626,43.56147170465377,122.81458648777507,127.84168366665753,239.18987092015652,282.6553636397412
587,41.5659973683265,16.35202598150266,93.73886409246278,98.58396303459077,203.2801449893403,239.3574737140893
588,39.69204121677157,17.826465327963632,80.06702137486474,85.09028417032224,196.84345318725627,243.63792550348424
589,3.426647364613821,40.87489182336044,120.5245284829406,125.55511589166791,236.75270449415208,279.97994652017536
590,127.91975155520666,92.24740313202656,8.865864622677567,4.421114049634596,108.88709886590487,165.42643311965676
591,31.152865503055104,17.565286948935142,88.52718443685777,93.55498112194239,205.1004948883496,250.889727060371
592,37.93357022590231,11.337252897903689,81.59969862705248,86.63698984454905,197.4606697338725,242.27711727132186
594,46.230601799383095,17.541739300714354,73.22775338656213,78.26135546241358,189.68494062630313,236.23128623830257
595,31.21761199383161,19.028436157370606,88.72632598122365,93.74842303041147,205.47263044802904,251.66532391183574
618,31.83643488444318,7.688150758530443,88.98924840767347,94.01661148226381,203.76148617813558,246.26952616161506
635,28.42331718183474,13.236265722574986,91.20753226327915,96.24474390196787,206.87789311238615,250.680508179022
648,21.32453136435082,17.88618691200382,98.64813088670188,103.68464524879339,214.03852684695678,256.8497134691109
661,48.21547576873889,18.399423612348293,71.23009346367651,76.26472211317426,187.64586126155382,234.25379490202508
691,45.451826185752495,17.161407714436095,74.00886925570308,79.04234588297803,190.46469949884525,236.95269613352187
739,45.144290781424495,16.733992122016858,74.30604403569504,79.34029330717455,190.71177657468567,237.07729042664462
897,30.7660521925201,17.72133042942968,88.921176834801,93.94890117059411,205.49405481875235,251.25832229702
1325,41.59357830497938,13.245134131654428,77.87671339125839,82.91381403473,193.92312446757145,239.34415107461908
1416,41.37357142428916,13.745648825196502,78.07422497278651,83.1108232967652,194.21830835235932,239.80611351007443
